Serial	Radius	Area		Perimeter
1	1	3.14		6.28
2	2	12.57		12.57
3	3	28.27		18.85
4	4	50.27		25.13
5	5	78.54		31.42
6	6	113.10		37.70
7	7	153.94		43.98
8	8	201.06		50.27
9	9	254.47		56.55
10	10	314.16		62.83
11	11	380.13		69.12
12	12	452.39		75.40
13	13	530.93		81.68
14	14	615.75		87.96
15	15	706.86		94.25
16	16	804.25		100.53
17	17	907.92		106.81
18	18	1017.88		113.10
19	19	1134.12		119.38
20	20	1256.64		125.66
21	21	1385.45		131.95
22	22	1520.53		138.23
23	23	1661.91		144.51
24	24	1809.56		150.80
25	25	1963.50		157.08
